points (-2,-1) (4,2) (4,0) (2,2) (8,6) 
points (-2,-1) (8,6)
points (-2,-1) (4,2)
points (4,2) (4,0)
points (4,0) (2,2)
points (2,2) (8,6)
points (6,6)
points (-2,-1) (4,2) (4.1,1.5) (2,2) (8,6)
points (-2,-1) (4,2) (0.4,0) (2,2) (8,6)
points (-2,-1) (4,2) (4,0) (2,2) (8,6)
points (0,0) (4,2) (1,0) (7,7) (1,16)
points (-2,-1) (8,6)
points (-2,-1) (-4,-2) (-4,0) (-2,-2) (-8,-6)
points (-2,-1) (4,2)
points (4,2) (4,0)
points (4,0) (2,2)
points (2,2) (8,6)
points (-2,-1) (8,6)
points (1,6) (-2,1) (4,0) (2,0) (1,1)
