LE 10 9 6 4 LI 4.11 10.1 6.88 4.99 9.3 9.2 6.15 4.33
LE 10 4 6 LI 4.99 10.1 6.88 4.11 9.3 9.2 6.15 4.33 10.9
LE 9 8 1 LI 2.1 1.1 8.9 7.3 8.9 1.4 5.1
LE 10 4 7 LI 4.11 10.1 6.88 4.99 9.3 9.2 6.15 4.33 10.9
LE 9 8 1 LI 2.1 1.1 8.9 7.3 8.9 1.4 5.1
LE 5 7 9 LI 3.14 7.17 1.59 2.65 8.99 0.92 6.53
LE 8 2 6 LI 5.55 2.22 7.77 1.11 9.99 3.33 4.44 8.88  6.88 4.99 9.3 9.2 6.15
LE 6 5 3 LI 9.87 6.54 3.21 2.34 8.76 1.23
LE 4 6 2 LI 5.12 3.45 1.23 4.56 8.79 2.46
LE 3 4 7 LI 9.99 4.44 3.33 7.77
LE 7 1 5 LI 1.23 7.89 4.56 9.87 2.34 6.54 8.76 1.1
LE 2 9 6 LI 8.9 1.1 5.1 7.3 8.9 1.4 2.1 1.1 8.9
LE 1 3 8 LI 6.15 4.33 10.9
LE 7 6 2 LI 5.12 3.45 1.23 4.56 8.79 2.46
LE 2 5 8 LI 9.87 6.54 3.21 2.34 8.76
LE 4 9 3 LI 3.14 7.17 1.59
LE 1 8 6 LI 5.55 2.22 7.77 1.11 9.99 3.33 4.44
LE 3 2 7 LI 1.23 7.89 4.56 9.87 2.34 6.54 8.76
LE 5 1 4 LI 8.9 1.1 5.1 7.3
LE 6 3 9 LI 4.11 10.1 6.88 4.99 9.3 9.2 6.15
LE 8 4 5 LI 7.77 1.11 9.99 3.33 4.44
LE 9 7 1 LI 2.1 1.1 8.9 7.3 8.9 1.4 5.1
LE 1 6 8 LI 5.12 3.45 1.23 4.56 8.79 2.46
LE 2 9 4 LI 3.14 7.17 1.59 2.65 8.99 0.92 6.53 8.79
LE 3 5 7 LI 1.23 4.56 9.87 2.34 6.54
LE 4 9 3 LI 2.1 2.3 5.1 8.8 1.2 6.4
LE 1 3 8 LI 1.9 3.6 3.9 3.9 3.2 3.6 1.4 3.1 8.1 8.3 8.2 8.6 8.1 1.4 1.7 1.4 1.8